Heat loss :
2413432311323
3215453535623
3255245654254
3446585845452
4546657867536
1438598798454
4457876987766
3637877979653
4654967986887
4564679986453
1224686865563
2546548887735
4322674655533

Poids:
80,78,74,73,70,66,63,61,58,57,56,53,52
80,77,75,78,74,71,66,66,61,62,57,51,49
82,79,80,81,76,75,71,68,62,57,53,51,46
80,83,84,87,81,81,73,68,60,56,51,47,42
77,82,80,86,86,80,75,68,60,54,47,42,40
73,77,76,84,89,84,75,67,60,51,43,39,34
72,76,73,78,84,77,72,66,57,49,42,35,30
68,73,68,71,76,70,66,59,50,44,35,29,24
65,67,65,64,68,63,59,52,43,35,31,27,21
61,61,60,60,59,57,54,46,37,29,23,19,14
57,56,54,56,53,50,45,39,31,25,20,15,11
57,56,52,52,47,42,39,35,29,23,16,9,8
55,51,48,46,44,38,31,27,21,16,11,6,3
